3663
0 0 11 0
12 0 23 0
0 1 11 1
24 0 35 0
12 1 23 1
0 2 11 2
188 0 199 0
24 1 35 1
12 2 23 2
0 3 11 3
176 0 187 0
36 1 47 1
188 2 199 2
12 3 23 3
0 4 11 4
164 0 175 0
48 1 59 1
176 2 187 2
24 3 35 3
188 4 199 4
0 5 11 5
152 0 163 0
60 1 71 1
36 3 47 3
176 4 187 4
12 5 23 5
0 6 11 6
140 0 151 0
72 1 83 1
38 2 49 2
48 3 59 3
164 4 175 4
12 6 23 6
0 7 11 7
128 0 139 0
84 1 95 1
26 2 37 2
50 2 61 2
60 3 71 3
152 4 163 4
38 5 49 5
24 6 35 6
188 7 199 7
0 8 11 8
116 0 127 0
96 1 107 1
62 2 73 2
72 3 83 3
140 4 151 4
26 5 37 5
50 5 61 5
36 6 47 6
176 7 187 7
12 8 23 8
188 9 199 9
104 0 115 0
108 1 119 1
188 3 199 3
128 4 139 4
62 5 73 5
48 6 59 6
164 7 175 7
176 9 187 9
0 10 11 10
120 1 131 1
88 2 99 2
176 3 187 3
116 4 127 4
74 5 85 5
188 6 199 6
152 7 163 7
25 8 36 8
37 8 48 8
164 9 175 9
12 10 23 10
0 11 11 11
50 0 61 0
76 2 87 2
100 2 111 2
164 3 175 3
104 4 115 4
86 5 97 5
176 6 187 6
140 7 151 7
49 8 60 8
152 9 163 9
24 10 35 10
12 11 23 11
0 12 11 12
62 0 73 0
146 1 157 1
112 2 123 2
152 3 163 3
92 4 103 4
98 5 109 5
128 7 139 7
61 8 72 8
140 9 151 9
188 10 199 10
24 11 35 11
12 12 23 12
0 13 11 13
74 0 85 0
134 1 145 1
158 1 169 1
124 2 135 2
140 3 151 3
80 4 91 4
110 5 121 5
78 6 89 6
116 7 127 7
73 8 84 8
128 9 139 9
176 10 187 10
36 11 47 11
24 12 35 12
12 13 23 13
0 14 11 14
170 1 181 1
136 2 147 2
128 3 139 3
68 4 79 4
122 5 133 5
90 6 101 6
104 7 115 7
85 8 96 8
116 9 127 9
48 11 59 11
36 12 47 12
24 13 35 13
188 14 199 14
0 15 11 15
148 2 159 2
116 3 127 3
56 4 67 4
134 5 145 5
102 6 113 6
97 8 108 8
49 10 60 10
60 11 71 11
48 12 59 12
36 13 47 13
176 14 187 14
12 15 23 15
0 16 11 16
104 3 115 3
44 4 55 4
146 5 157 5
114 6 125 6
28 7 39 7
109 8 120 8
16 9 27 9
72 11 83 11
60 12 71 12
48 13 59 13
24 15 35 15
188 17 199 17
158 5 169 5
40 7 51 7
121 8 132 8
28 9 39 9
75 10 86 10
188 11 199 11
72 12 83 12
60 13 71 13
36 15 47 15
26 16 37 16
0 18 11 18
13 4 24 4
66 6 77 6
140 6 151 6
52 7 63 7
133 8 144 8
40 9 51 9
63 10 74 10
87 10 98 10
176 11 187 11
84 12 95 12
72 13 83 13
14 14 25 14
27 14 38 14
39 14 50 14
48 15 59 15
14 16 25 16
38 16 49 16
15 17 26 17
12 18 23 18
0 19 11 19
152 6 162 6
64 7 75 7
52 9 63 9
96 12 107 12
188 13 199 13
51 14 62 14
60 15 71 15
50 16 61 16
27 17 38 17
24 18 35 18
12 19 23 19
0 20 11 20
76 7 87 7
160 8 171 8
64 9 75 9
117 10 128 10
98 11 109 11
176 13 187 13
63 14 74 14
72 15 83 15
62 16 73 16
39 17 50 17
36 18 47 18
188 19 199 19
12 20 23 20
0 21 11 21
173 5 184 5
172 8 183 8
76 9 87 9
129 10 140 10
86 11 97 11
110 11 121 11
164 13 175 13
75 14 86 14
188 15 199 15
74 16 85 16
176 19 187 19
24 20 35 20
188 21 199 21
0 22 11 22
148 8 159 8
88 9 99 9
141 10 152 10
122 11 133 11
145 12 156 12
152 13 163 13
87 14 98 14
176 15 187 15
86 16 97 16
65 17 76 17
64 18 75 18
164 19 175 19
36 20 47 20
176 21 187 21
12 22 23 22
0 23 11 23
134 11 145 11
157 12 168 12
140 13 151 13
99 14 110 14
164 15 175 15
77 17 88 17
76 18 87 18
152 19 163 19
48 20 59 20
164 21 175 21
188 22 199 22
12 23 23 23
0 24 11 24
92 3 103 3
146 11 157 11
169 12 180 12
128 13 139 13
111 14 122 14
152 15 163 15
99 16 110 16
89 17 100 17
88 18 99 18
60 20 71 20
152 21 163 21
24 23 35 23
12 24 23 24
0 25 11 25
123 14 134 14
140 15 151 15
125 16 136 16
101 17 112 17
72 20 83 20
140 21 151 21
39 22 50 22
36 23 47 23
24 24 35 24
12 25 23 25
0 26 11 26
85 13 96 13
97 13 108 13
135 14 146 14
128 15 139 15
113 16 124 16
137 16 148 16
113 17 124 17
117 18 128 18
55 19 66 19
84 20 95 20
128 21 139 21
51 22 62 22
48 23 59 23
36 24 47 24
24 25 35 25
12 26 23 26
0 27 11 27
133 12 144 12
147 14 158 14
149 16 160 16
129 18 140 18
67 19 78 19
96 20 107 20
116 21 127 21
63 22 74 22
60 23 71 23
48 24 59 24
36 25 47 25
24 26 35 26
12 27 23 27
0 28 11 28
99 15 110 15
161 16 172 16
142 17 153 17
141 18 152 18
79 19 90 19
188 20 199 20
104 21 115 21
75 22 86 22
72 23 83 23
60 24 71 24
48 25 59 25
36 26 47 26
24 27 35 27
12 28 23 28
0 29 11 29
173 16 184 16
154 17 165 17
153 18 164 18
91 19 102 19
176 20 187 20
84 23 95 23
72 24 83 24
60 25 71 25
48 26 59 26
36 27 47 27
24 28 35 28
188 29 199 29
0 30 11 30
87 15 98 15
105 18 116 18
165 18 176 18
103 19 114 19
101 22 112 22
96 23 107 23
84 24 95 24
72 25 83 25
60 26 71 26
48 27 59 27
36 28 47 28
12 30 23 30
0 31 11 31
177 18 184 18
115 19 126 19
109 20 120 20
121 20 132 20
30 21 41 21
42 21 53 21
113 22 124 22
108 23 119 23
84 25 95 25
188 26 199 26
60 27 71 27
48 28 59 28
29 29 40 29
24 30 35 30
188 31 199 31
188 32 199 32
127 19 138 19
133 20 144 20
54 21 65 21
125 22 136 22
120 23 131 23
110 24 121 24
96 25 107 25
176 26 187 26
60 28 71 28
41 29 52 29
36 30 47 30
176 31 187 31
176 32 187 32
0 33 11 33
66 21 77 21
137 22 148 22
132 23 143 23
98 24 109 24
122 24 133 24
108 25 119 25
164 26 175 26
86 27 97 27
72 28 83 28
53 29 64 29
48 30 59 30
12 33 23 33
0 34 11 34
78 21 87 21
149 22 160 22
144 23 155 23
134 24 145 24
120 25 131 25
152 26 163 26
74 27 85 27
98 27 109 27
84 28 95 28
65 29 76 29
60 30 71 30
26 31 37 31
14 32 25 32
24 33 35 33
12 34 23 34
161 22 172 22
156 23 167 23
146 24 157 24
132 25 143 25
140 26 151 26
110 27 121 27
188 28 199 28
77 29 88 29
72 30 83 30
38 31 49 31
2 32 13 32
26 32 37 32
36 33 47 33
24 34 35 34
14 35 25 35
168 23 179 23
158 24 169 24
144 25 155 25
128 26 139 26
122 27 133 27
89 29 100 29
84 30 95 30
50 31 61 31
38 32 49 32
48 33 59 33
36 34 47 34
2 35 13 35
1 36 12 36
13 36 24 36
0 37 11 37
170 24 181 24
156 25 167 25
116 26 127 26
134 27 145 27
109 28 120 28
96 30 107 30
62 31 73 31
50 32 61 32
60 33 71 33
48 34 59 34
41 35 52 35
25 36 36 36
12 37 23 37
0 38 11 38
168 25 179 25
104 26 115 26
146 27 157 27
121 28 132 28
116 29 127 29
108 30 119 30
74 31 85 31
62 32 73 32
188 33 199 33
188 34 199 34
37 36 48 36
24 37 35 37
12 38 23 38
0 39 11 39
92 26 103 26
158 27 169 27
128 29 139 29
120 30 131 30
86 31 97 31
176 33 187 33
176 34 187 34
29 35 40 35
69 35 80 35
49 36 60 36
36 37 47 37
24 38 35 38
12 39 23 39
0 40 11 40
170 27 181 27
151 28 162 28
140 29 151 29
132 30 143 30
98 31 109 31
93 32 104 32
164 34 175 34
81 35 92 35
61 36 72 36
48 37 59 37
36 38 47 38
24 39 35 39
12 40 23 40
0 41 11 41
163 28 173 28
152 29 163 29
144 30 155 30
110 31 121 31
105 32 116 32
86 33 97 33
152 34 163 34
93 35 104 35
73 36 84 36
60 37 71 37
48 38 59 38
36 39 47 39
24 40 35 40
12 41 23 41
0 42 11 42
156 30 167 30
122 31 133 31
74 33 85 33
98 33 109 33
140 34 151 34
105 35 116 35
85 36 96 36
72 37 83 37
48 39 59 39
188 40 199 40
24 41 35 41
12 42 23 42
0 43 11 43
168 30 179 30
134 31 145 31
110 33 121 33
128 34 139 34
117 35 128 35
97 36 108 36
84 37 95 37
61 38 72 38
60 39 71 39
176 40 187 40
36 41 47 41
24 42 35 42
12 43 23 43
0 44 11 44
180 30 189 30
190 30 199 30
146 31 157 31
149 32 160 32
116 34 127 34
129 35 140 35
109 36 120 36
96 37 107 37
72 39 83 39
164 40 175 40
48 41 59 41
36 42 47 42
24 43 35 43
12 44 23 44
0 45 11 45
145 33 154 33
104 34 115 34
108 37 119 37
75 38 86 38
103 38 114 38
84 39 95 39
60 41 71 41
188 42 199 42
36 43 47 43
24 44 35 44
188 45 199 45
0 46 11 46
188 25 199 25
92 34 103 34
135 36 146 36
120 37 131 37
115 38 126 38
96 39 107 39
50 40 61 40
176 42 187 42
48 43 59 43
36 44 47 44
12 46 23 46
0 47 11 47
80 26 91 26
80 34 91 34
155 35 166 35
167 35 178 35
147 36 158 36
132 37 143 37
127 38 138 38
108 39 119 39
38 40 49 40
62 40 73 40
73 41 84 41
164 42 175 42
188 43 199 43
48 44 59 44
25 45 36 45
24 46 35 46
12 47 23 47
0 48 11 48
159 36 170 36
144 37 155 37
139 38 150 38
120 39 131 39
74 40 85 40
99 41 110 41
152 42 163 42
176 43 187 43
60 44 71 44
37 45 48 45
36 46 47 46
24 47 35 47
12 48 23 48
0 49 11 49
188 37 199 37
151 38 162 38
132 39 143 39
86 40 97 40
87 41 98 41
111 41 122 41
140 42 151 42
164 43 175 43
72 44 83 44
48 46 59 46
36 47 47 47
24 48 35 48
12 49 23 49
0 50 11 50
163 38 174 38
144 39 155 39
123 41 134 41
128 42 139 42
152 43 163 43
84 44 95 44
63 45 74 45
60 46 71 46
48 47 59 47
36 48 47 48
24 49 35 49
12 50 23 50
0 51 11 51
175 38 185 38
156 39 167 39
99 40 110 40
111 40 122 40
135 41 146 41
116 42 127 42
140 43 151 43
96 44 107 44
51 45 62 45
72 46 83 46
60 47 71 47
48 48 59 48
36 49 47 49
24 50 35 50
12 51 23 51
0 52 11 52
158 37 169 37
168 39 179 39
123 40 134 40
104 42 115 42
128 43 139 43
108 44 119 44
91 45 102 45
84 46 95 46
72 47 83 47
60 48 71 48
188 49 199 49
36 50 47 50
24 51 35 51
12 52 23 52
0 53 11 53
180 39 189 39
190 39 199 39
135 40 146 40
92 42 103 42
116 43 127 43
120 44 131 44
103 45 114 45
96 46 107 46
84 47 95 47
72 48 83 48
48 50 59 50
36 51 47 51
24 52 35 52
12 53 23 53
0 54 11 54
80 42 91 42
104 43 115 43
132 44 143 44
115 45 126 45
108 46 119 46
188 47 199 47
84 48 95 48
65 49 76 49
60 50 71 50
48 51 59 51
36 52 47 52
24 53 35 53
12 54 23 54
0 55 11 55
68 34 79 34
68 42 79 42
92 43 103 43
188 44 199 44
120 46 131 46
176 47 187 47
96 48 107 48
77 49 88 49
188 50 199 50
60 51 71 51
48 52 59 52
36 53 47 53
24 54 35 54
12 55 23 55
0 56 11 56
166 41 177 41
80 43 91 43
176 44 187 44
128 45 139 45
140 45 151 45
132 46 143 46
164 47 175 47
108 48 119 48
89 49 100 49
176 50 187 50
72 51 83 51
60 52 71 52
48 53 59 53
36 54 47 54
24 55 35 55
12 56 23 56
0 57 11 57
164 44 175 44
152 45 163 45
188 46 199 46
152 47 163 47
120 48 131 48
101 49 112 49
164 50 175 50
84 51 95 51
72 52 83 52
188 53 199 53
188 54 199 54
36 55 47 55
24 56 35 56
12 57 23 57
0 58 11 58
164 45 173 45
176 46 187 46
140 47 151 47
132 48 143 48
53 49 64 49
113 49 124 49
152 50 163 50
96 51 107 51
84 52 95 52
176 54 187 54
48 55 59 55
188 56 199 56
24 57 35 57
12 58 23 58
0 59 11 59
164 46 175 46
128 47 139 47
144 48 155 48
125 49 136 49
108 51 119 51
96 52 107 52
75 53 86 53
164 54 175 54
60 55 71 55
176 56 187 56
36 57 47 57
24 58 35 58
12 59 23 59
0 60 11 60
116 47 127 47
188 48 199 48
137 49 148 49
73 50 84 50
85 50 96 50
120 51 131 51
108 52 119 52
87 53 98 53
152 54 163 54
72 55 83 55
164 56 175 56
48 57 59 57
36 58 47 58
24 59 35 59
12 60 23 60
0 61 11 61
176 48 187 48
149 49 160 49
97 50 108 50
132 51 143 51
120 52 131 52
99 53 110 53
140 54 151 54
188 55 199 55
152 56 163 56
60 57 71 57
188 58 199 58
36 59 47 59
24 60 35 60
12 61 23 61
0 62 11 62
109 50 120 50
188 51 199 51
188 52 199 52
111 53 122 53
128 54 139 54
176 55 187 55
140 56 151 56
72 57 83 57
176 58 187 58
48 59 59 59
36 60 47 60
24 61 35 61
12 62 23 62
0 63 11 63
56 42 67 42
121 50 132 50
176 51 187 51
123 53 134 53
164 55 175 55
128 56 139 56
84 57 95 57
164 58 175 58
60 59 71 59
48 60 59 60
36 61 47 61
24 62 35 62
12 63 23 63
0 64 11 64
164 51 175 51
133 52 144 52
145 52 156 52
49 54 60 54
61 54 72 54
152 55 163 55
116 56 127 56
96 57 107 57
72 59 83 59
188 60 199 60
48 61 59 61
36 62 47 62
24 63 35 63
12 64 23 64
0 65 11 65
152 44 163 44
157 52 168 52
136 53 147 53
148 53 159 53
73 54 84 54
104 56 115 56
188 57 199 57
49 58 60 58
84 59 95 59
176 60 187 60
60 61 71 61
48 62 59 62
36 63 47 63
24 64 35 64
12 65 23 65
0 66 11 66
160 53 171 53
85 54 96 54
92 56 103 56
176 57 187 57
76 58 87 58
96 59 107 59
164 60 175 60
72 61 83 61
60 62 71 62
48 63 59 63
36 64 47 64
24 65 35 65
12 66 23 66
0 67 11 67
152 46 163 46
86 55 97 55
99 55 110 55
111 55 122 55
80 56 91 56
164 57 175 57
108 59 119 59
152 60 163 60
84 61 95 61
72 62 83 62
60 63 71 63
48 64 59 64
36 65 47 65
24 66 35 66
12 67 23 67
0 68 11 68
104 47 115 47
98 54 109 54
123 55 134 55
68 56 79 56
152 57 163 57
64 58 75 58
103 58 114 58
120 59 131 59
140 60 151 60
96 61 107 61
84 62 95 62
72 63 83 63
188 64 199 64
48 65 59 65
188 66 199 66
24 67 35 67
12 68 23 68
0 69 11 69
164 48 175 48
56 56 67 56
140 57 151 57
115 58 126 58
132 59 143 59
128 60 139 60
188 61 199 61
96 62 107 62
84 63 95 63
176 64 187 64
60 65 71 65
176 66 187 66
36 67 47 67
24 68 35 68
12 69 23 69
188 70 199 70
128 57 139 57
127 58 138 58
144 59 155 59
176 61 187 61
188 62 199 62
96 63 107 63
164 64 175 64
72 65 83 65
164 66 175 66
48 67 59 67
36 68 47 68
24 69 35 69
0 71 11 71
139 58 150 58
156 59 167 59
164 61 175 61
176 62 187 62
108 63 119 63
152 64 163 64
84 65 95 65
152 66 163 66
60 67 71 67
48 68 59 68
36 69 47 69
12 71 23 71
0 72 11 72
152 51 163 51
168 59 179 59
75 60 86 60
87 60 98 60
152 61 163 61
164 62 175 62
120 63 131 63
140 64 151 64
96 65 107 65
140 66 151 66
188 67 199 67
60 68 71 68
48 69 59 69
24 71 35 71
12 72 23 72
0 73 11 73
99 60 110 60
140 61 151 61
152 62 163 62
132 63 143 63
128 64 139 64
108 65 119 65
72 68 83 68
60 69 71 69
20 70 31 70
45 70 56 70
36 71 47 71
24 72 35 72
12 73 23 73
0 74 11 74
128 61 139 61
140 62 151 62
144 63 155 63
116 64 127 64
120 65 131 65
37 66 48 66
49 66 60 66
87 67 98 67
72 69 83 69
48 71 59 71
36 72 47 72
188 73 199 73
12 74 23 74
0 75 11 75
128 62 139 62
156 63 167 63
104 64 115 64
132 65 143 65
61 66 72 66
99 67 110 67
100 68 111 68
84 69 95 69
58 70 69 70
60 71 71 71
48 72 59 72
176 73 187 73
24 74 35 74
188 75 199 75
0 76 11 76
168 63 179 63
92 64 103 64
144 65 155 65
73 66 84 66
111 67 122 67
112 68 123 68
96 69 107 69
92 70 103 70
72 71 83 71
60 72 71 72
164 73 175 73
36 74 47 74
176 75 187 75
12 76 23 76
0 77 11 77
180 63 189 63
190 63 199 63
80 64 91 64
156 65 167 65
85 66 96 66
123 67 134 67
108 69 119 69
84 71 95 71
72 72 83 72
152 73 163 73
48 74 59 74
24 76 35 76
12 77 23 77
0 78 11 78
116 57 127 57
97 66 108 66
135 67 146 67
140 68 151 68
120 69 131 69
188 71 199 71
84 72 95 72
60 74 71 74
27 75 38 75
36 76 47 76
24 77 35 77
188 78 199 78
188 79 199 79
109 66 120 66
152 68 163 68
132 69 143 69
134 70 145 70
176 71 187 71
96 72 107 72
38 73 49 73
72 74 83 74
39 75 50 75
48 76 59 76
36 77 47 77
176 78 187 78
176 79 187 79
0 80 11 80
188 59 199 59
148 67 159 67
160 67 171 67
164 68 175 68
122 70 133 70
146 70 157 70
164 71 175 71
108 72 119 72
50 73 61 73
84 74 95 74
51 75 62 75
60 76 71 76
188 77 199 77
164 78 175 78
164 79 175 79
188 80 199 80
0 81 11 81
145 69 156 69
157 69 168 69
152 71 163 71
120 72 131 72
62 73 73 73
96 74 107 74
63 75 74 75
188 76 199 76
176 77 187 77
152 78 163 78
152 79 163 79
176 80 187 80
12 81 23 81
0 82 11 82
116 61 127 61
169 69 180 69
132 72 143 72
74 73 85 73
108 74 119 74
75 75 86 75
176 76 187 76
164 77 175 77
140 78 151 78
140 79 151 79
164 80 175 80
188 81 199 81
12 82 23 82
0 83 11 83
116 62 127 62
97 71 108 71
109 71 120 71
144 72 155 72
86 73 97 73
120 74 131 74
87 75 98 75
164 76 175 76
128 78 139 78
152 80 163 80
176 81 187 81
24 82 35 82
188 83 199 83
0 84 11 84
121 71 132 71
156 72 167 72
98 73 109 73
132 74 143 74
152 76 163 76
49 77 60 77
116 78 127 78
13 79 24 79
140 80 151 80
164 81 175 81
188 82 199 82
176 83 187 83
12 84 23 84
0 85 11 85
68 64 79 64
80 70 91 70
168 72 179 72
144 74 155 74
100 75 111 75
112 75 123 75
104 78 115 78
128 80 139 80
152 81 163 81
176 82 187 82
164 83 175 83
24 84 35 84
12 85 23 85
188 86 199 86
180 72 190 72
191 72 199 72
156 74 167 74
124 75 135 75
89 76 100 76
94 77 105 77
92 78 103 78
39 79 50 79
116 80 127 80
164 82 175 82
152 83 163 83
36 84 47 84
24 85 35 85
176 86 187 86
0 87 11 87
168 74 179 74
136 75 147 75
106 77 117 77
80 78 91 78
27 79 38 79
51 79 62 79
104 80 115 80
37 81 48 81
152 82 163 82
140 83 151 83
48 84 59 84
36 85 47 85
164 86 175 86
12 87 23 87
0 88 11 88
148 75 159 75
102 76 113 76
114 76 125 76
82 77 93 77
118 77 129 77
68 78 79 78
63 79 74 79
92 80 103 80
49 81 60 81
140 82 151 82
128 83 139 83
48 85 59 85
152 86 163 86
24 87 35 87
12 88 23 88
0 89 11 89
126 76 136 76
56 78 67 78
75 79 86 79
80 80 91 80
61 81 72 81
128 82 139 82
116 83 127 83
74 84 85 84
60 85 71 85
140 86 151 86
36 87 47 87
24 88 35 88
12 89 23 89
0 90 11 90
67 77 78 77
44 78 55 78
68 80 79 80
73 81 84 81
104 83 115 83
62 84 73 84
86 84 97 84
72 85 83 85
128 86 139 86
48 87 59 87
36 88 47 88
24 89 35 89
12 90 23 90
0 91 11 91
32 78 43 78
88 79 99 79
100 79 111 79
56 80 67 80
85 81 96 81
37 82 48 82
92 83 103 83
98 84 109 84
84 85 95 85
60 87 71 87
48 88 59 88
36 89 47 89
188 90 199 90
12 91 23 91
0 92 11 92
44 80 55 80
50 82 61 82
62 82 73 82
80 83 91 83
110 84 121 84
96 85 107 85
72 87 83 87
188 89 199 89
176 90 187 90
24 91 35 91
12 92 23 92
188 93 199 93
32 80 43 80
111 81 122 81
74 82 85 82
68 83 79 83
122 84 133 84
188 85 199 85
14 86 25 86
84 87 95 87
73 88 84 88
176 89 187 89
164 90 175 90
36 91 47 91
24 92 35 92
176 93 187 93
0 94 11 94
99 81 110 81
86 82 97 82
134 84 145 84
176 85 187 85
42 86 53 86
96 87 107 87
85 88 96 88
164 89 175 89
48 91 59 91
36 92 47 92
164 93 175 93
12 94 23 94
0 95 11 95
98 82 109 82
26 83 37 83
146 84 157 84
164 85 175 85
54 86 65 86
108 87 119 87
97 88 108 88
152 89 163 89
42 90 53 90
60 91 71 91
188 92 199 92
152 93 163 93
24 94 35 94
188 95 199 95
0 96 11 96
14 83 25 83
38 83 49 83
158 84 169 84
152 85 163 85
66 86 77 86
120 87 131 87
109 88 120 88
140 89 151 89
54 90 65 90
72 91 83 91
176 92 187 92
140 93 151 93
36 94 47 94
176 95 187 95
12 96 23 96
0 97 11 97
170 84 181 84
140 85 151 85
132 87 143 87
121 88 132 88
128 89 139 89
66 90 77 90
84 91 95 91
164 92 175 92
128 93 139 93
48 94 59 94
164 95 175 95
24 96 35 96
12 97 23 97
0 98 11 98
128 85 139 85
91 86 102 86
144 87 155 87
133 88 144 88
116 89 127 89
78 90 89 90
96 91 107 91
152 92 163 92
116 93 127 93
60 94 71 94
152 95 163 95
188 96 199 96
24 97 35 97
12 98 23 98
0 99 11 99
20 78 31 78
103 86 114 86
156 87 167 87
145 88 156 88
104 89 115 89
90 90 101 90
108 91 119 91
140 92 151 92
104 93 115 93
72 94 83 94
140 95 151 95
176 96 187 96
36 97 47 97
24 98 35 98
12 99 23 99
0 100 11 100
168 87 179 87
157 88 168 88
92 89 103 89
120 91 131 91
128 92 139 92
92 93 103 93
84 94 95 94
128 95 139 95
164 96 175 96
48 97 59 97
36 98 47 98
24 99 35 99
12 100 23 100
0 101 11 101
20 80 31 80
180 87 189 87
190 87 199 87
169 88 180 88
80 89 91 89
131 90 142 90
132 91 143 91
116 92 127 92
80 93 91 93
96 94 107 94
116 95 127 95
152 96 163 96
60 97 71 97
48 98 59 98
36 99 47 99
24 100 35 100
12 101 23 101
0 102 11 102
68 89 79 89
144 91 155 91
104 92 115 92
68 93 79 93
108 94 119 94
104 95 115 95
72 97 83 97
60 98 71 98
48 99 59 99
24 101 35 101
12 102 23 102
0 103 11 103
188 91 199 91
92 92 103 92
56 93 67 93
120 94 131 94
92 95 103 95
51 96 62 96
84 97 95 97
72 98 83 98
60 99 71 99
50 100 61 100
36 101 47 101
24 102 35 102
188 103 199 103
0 104 11 104
176 91 187 91
80 92 91 92
44 93 55 93
132 94 143 94
80 95 91 95
96 97 107 97
84 98 95 98
72 99 83 99
48 101 59 101
36 102 47 102
176 103 187 103
12 104 23 104
0 105 11 105
68 92 79 92
32 93 43 93
144 94 155 94
68 95 79 95
39 96 50 96
77 96 88 96
108 97 119 97
188 99 199 99
76 100 87 100
60 101 71 101
188 102 199 102
164 103 175 103
24 104 35 104
12 105 23 105
0 106 11 106
116 85 127 85
20 93 31 93
156 94 167 94
56 95 67 95
65 96 76 96
89 96 100 96
120 97 131 97
112 98 123 98
176 99 187 99
88 100 99 100
72 101 83 101
176 102 187 102
152 103 163 103
36 104 47 104
188 105 199 105
12 106 23 106
0 107 11 107
168 94 179 94
44 95 55 95
101 96 112 96
188 97 199 97
124 98 135 98
164 99 175 99
100 100 111 100
188 101 199 101
164 102 175 102
140 103 151 103
48 104 59 104
176 105 187 105
188 106 199 106
12 107 23 107
0 108 11 108
180 94 188 94
189 94 199 94
32 95 43 95
113 96 124 96
176 97 187 97
136 98 147 98
152 99 163 99
112 100 123 100
176 101 187 101
152 102 163 102
128 103 139 103
60 104 71 104
164 105 175 105
176 106 187 106
24 107 35 107
12 108 23 108
0 109 11 109
125 96 136 96
164 97 175 97
100 98 111 98
148 98 159 98
140 99 151 99
124 100 135 100
164 101 175 101
140 102 151 102
72 104 83 104
152 105 163 105
164 106 175 106
36 107 47 107
24 108 35 108
12 109 23 109
56 89 67 89
152 97 163 97
160 98 171 98
128 99 139 99
136 100 147 100
152 101 163 101
128 102 139 102
13 103 24 103
25 103 36 103
84 104 95 104
140 105 151 105
152 106 163 106
48 107 59 107
36 108 47 108
24 109 35 109
17 110 28 110
0 111 11 111
172 98 183 98
116 99 127 99
148 100 159 100
140 101 151 101
116 102 127 102
37 103 48 103
96 104 107 104
128 105 139 105
140 106 151 106
60 107 71 107
48 108 59 108
36 109 47 109
12 111 23 111
188 112 199 112
164 91 175 91
160 100 171 100
128 101 139 101
104 102 115 102
49 103 60 103
108 104 119 104
116 105 127 105
128 106 139 106
72 107 83 107
60 108 71 108
48 109 59 109
43 110 54 110
24 111 35 111
0 113 11 113
56 92 67 92
85 99 96 99
172 100 183 100
116 101 127 101
92 102 103 102
61 103 72 103
120 104 131 104
104 105 115 105
116 106 127 106
84 107 95 107
188 108 199 108
60 109 71 109
55 110 66 110
36 111 47 111
15 112 26 112
12 113 23 113
0 114 11 114
104 101 115 101
73 103 84 103
92 105 103 105
96 107 107 107
176 108 187 108
72 109 83 109
5 110 16 110
67 110 78 110
48 111 59 111
27 112 38 112
188 113 199 113
12 114 23 114
0 115 11 115
62 102 73 102
85 103 96 103
145 104 156 104
80 105 91 105
37 106 48 106
108 107 119 107
164 108 175 108
84 109 95 109
79 110 90 110
60 111 71 111
3 112 14 112
39 112 50 112
176 113 187 113
24 114 35 114
12 115 23 115
0 116 11 116
20 95 31 95
50 102 61 102
97 103 108 103
157 104 168 104
68 105 79 105
49 106 60 106
120 107 131 107
152 108 163 108
96 109 107 109
72 111 83 111
51 112 62 112
164 113 175 113
36 114 47 114
24 115 35 115
12 116 23 116
0 117 11 117
169 104 180 104
56 105 67 105
61 106 72 106
132 107 143 107
188 109 199 109
106 110 117 110
84 111 95 111
63 112 74 112
152 113 163 113
48 114 59 114
36 115 47 115
24 116 35 116
0 118 11 118
140 97 151 97
44 105 55 105
73 106 84 106
144 107 155 107
73 108 84 108
85 108 96 108
176 109 187 109
118 110 129 110
96 111 107 111
75 112 86 112
140 113 151 113
60 114 71 114
48 115 59 115
36 116 47 116
28 117 39 117
12 118 23 118
0 119 11 119
85 106 96 106
156 107 167 107
97 108 108 108
164 109 175 109
108 111 119 111
87 112 98 112
128 113 139 113
72 114 83 114
188 115 199 115
48 116 59 116
40 117 51 117
24 118 35 118
12 119 23 119
0 120 11 120
168 107 179 107
109 108 120 108
152 109 163 109
154 110 165 110
120 111 131 111
99 112 110 112
116 113 127 113
84 114 95 114
176 115 187 115
188 116 199 116
52 117 63 117
188 118 199 118
24 119 35 119
188 120 199 120
0 121 11 121
121 108 132 108
140 109 151 109
111 112 122 112
104 113 115 113
188 114 199 114
164 115 175 115
176 116 187 116
64 117 75 117
176 118 187 118
36 119 47 119
176 120 187 120
12 121 23 121
0 122 11 122
92 101 103 101
128 109 139 109
147 111 158 111
123 112 134 112
176 114 187 114
152 115 163 115
164 116 175 116
164 118 175 118
48 119 59 119
164 120 175 120
24 121 35 121
12 122 23 122
0 123 11 123
159 111 170 111
135 112 146 112
40 113 51 113
164 114 175 114
152 116 163 116
90 117 101 117
152 118 163 118
60 119 71 119
188 121 199 121
188 122 199 122
12 123 23 123
0 124 11 124
171 111 182 111
147 112 158 112
52 113 63 113
75 115 86 115
140 116 151 116
102 117 113 117
140 118 151 118
188 119 199 119
27 120 38 120
176 121 187 121
176 122 187 122
24 123 35 123
12 124 23 124
0 125 11 125
159 112 170 112
64 113 75 113
113 114 124 114
87 115 98 115
128 116 139 116
114 117 125 117
128 118 139 118
176 119 187 119
39 120 50 120
164 121 175 121
36 123 47 123
188 124 199 124
12 125 23 125
0 126 11 126
32 105 43 105
125 114 136 114
99 115 110 115
116 116 127 116
126 117 137 117
116 118 127 118
51 120 62 120
152 121 163 121
37 122 48 122
188 123 199 123
176 124 187 124
24 125 35 125
12 126 23 126
0 127 11 127
137 114 148 114
111 115 122 115
104 116 115 116
138 117 149 117
87 119 98 119
63 120 74 120
140 121 151 121
49 122 60 122
176 123 187 123
36 125 47 125
24 126 35 126
12 127 23 127
0 128 11 128
188 107 199 107
123 115 134 115
92 116 103 116
150 117 161 117
50 118 61 118
99 119 110 119
128 121 139 121
38 124 49 124
48 125 59 125
36 126 47 126
24 127 35 127
12 128 23 128
0 129 11 129
101 114 112 114
80 116 91 116
162 117 173 117
62 118 73 118
75 119 86 119
111 119 122 119
64 123 75 123
26 124 37 124
50 124 61 124
60 125 71 125
188 126 199 126
36 127 47 127
24 128 35 128
0 130 11 130
116 109 127 109
174 117 184 117
74 118 85 118
123 119 134 119
109 120 120 120
63 122 74 122
76 122 87 122
88 122 99 122
76 123 87 123
62 124 73 124
72 125 83 125
176 126 187 126
48 127 59 127
36 128 47 128
12 130 23 130
0 131 11 131
86 118 97 118
121 120 132 120
66 121 77 121
100 122 111 122
88 123 99 123
74 124 85 124
188 125 199 125
164 126 175 126
60 127 71 127
48 128 59 128
28 129 39 129
40 129 51 129
24 130 35 130
12 131 23 131
0 132 11 132
136 119 147 119
148 119 159 119
78 121 89 121
112 122 123 122
100 123 111 123
86 124 97 124
176 125 187 125
152 126 163 126
72 127 83 127
188 128 199 128
15 129 26 129
52 129 63 129
36 130 47 130
188 131 199 131
12 132 23 132
0 133 11 133
134 120 145 120
124 122 135 122
112 123 123 123
98 124 109 124
164 125 175 125
188 127 199 127
176 128 187 128
64 129 75 129
48 130 59 130
176 131 187 131
188 132 199 132
188 133 199 133
0 134 11 134
136 122 147 122
110 124 121 124
152 125 163 125
49 126 60 126
61 126 72 126
176 127 187 127
164 128 175 128
76 129 87 129
60 130 71 130
164 131 175 131
12 134 23 134
0 135 11 135
148 122 159 122
144 123 155 123
122 124 133 124
140 125 151 125
73 126 84 126
164 127 175 127
152 128 163 128
88 129 99 129
72 130 83 130
152 131 163 131
13 133 24 133
25 133 36 133
188 134 199 134
12 135 23 135
0 136 11 136
128 125 139 125
152 127 163 127
100 129 111 129
84 130 95 130
140 131 151 131
59 132 70 132
37 133 48 133
176 134 187 134
24 135 35 135
12 136 23 136
0 137 11 137
68 116 79 116
135 124 146 124
147 124 158 124
116 125 127 125
99 126 110 126
140 127 151 127
75 128 86 128
112 129 123 129
96 130 107 130
128 131 139 131
71 132 82 132
49 133 60 133
164 134 175 134
36 135 47 135
24 136 35 136
188 137 199 137
0 138 11 138
104 125 115 125
87 126 98 126
111 126 122 126
87 128 98 128
124 129 135 129
108 130 119 130
116 131 127 131
28 132 39 132
83 132 94 132
61 133 72 133
152 134 163 134
48 135 59 135
36 136 47 136
176 137 187 137
12 138 23 138
0 139 11 139
123 126 134 126
98 127 109 127
63 128 74 128
99 128 110 128
136 129 147 129
120 130 131 130
104 131 115 131
73 133 84 133
140 134 151 134
60 135 71 135
48 136 59 136
164 137 175 137
24 138 35 138
12 139 23 139
0 140 11 140
110 127 121 127
111 128 122 128
148 129 159 129
132 130 143 130
92 131 103 131
108 132 119 132
85 133 96 133
72 135 83 135
60 136 71 136
152 137 163 137
36 138 47 138
24 139 35 139
12 140 23 140
0 141 11 141
160 129 171 129
144 130 155 130
80 131 91 131
120 132 131 132
25 134 36 134
37 134 48 134
84 135 95 135
72 136 83 136
140 137 151 137
48 138 59 138
36 139 47 139
24 140 35 140
12 141 23 141
0 142 11 142
124 128 135 128
172 129 183 129
156 130 167 130
68 131 79 131
132 132 143 132
111 133 122 133
49 134 60 134
96 135 107 135
84 136 95 136
128 137 139 137
60 138 71 138
48 139 59 139
36 140 47 140
24 141 35 141
188 142 199 142
0 143 11 143
168 130 179 130
56 131 67 131
144 132 155 132
99 133 110 133
123 133 134 133
61 134 72 134
108 135 119 135
96 136 107 136
116 137 127 137
72 138 83 138
60 139 71 139
48 140 59 140
36 141 47 141
176 142 187 142
12 143 23 143
0 144 11 144
44 131 55 131
156 132 167 132
135 133 146 133
73 134 84 134
120 135 131 135
108 136 119 136
104 137 115 137
188 138 199 138
72 139 83 139
60 140 71 140
48 141 59 141
164 142 175 142
188 143 199 143
12 144 23 144
0 145 11 145
147 133 158 133
85 134 96 134
132 135 143 135
120 136 131 136
92 137 103 137
176 138 187 138
188 139 199 139
188 140 199 140
60 141 71 141
152 142 163 142
176 143 187 143
24 144 35 144
12 145 23 145
0 146 11 146
92 125 103 125
159 133 170 133
97 134 108 134
144 135 155 135
132 136 143 136
80 137 91 137
164 138 175 138
176 139 187 139
72 141 83 141
164 143 175 143
36 144 47 144
24 145 35 145
12 146 23 146
188 147 199 147
109 134 120 134
188 135 199 135
144 136 155 136
68 137 79 137
152 138 163 138
164 139 175 139
85 140 96 140
84 141 95 141
27 142 38 142
152 143 163 143
48 144 59 144
36 145 47 145
24 146 35 146
176 147 187 147
0 148 11 148
176 135 187 135
156 136 167 136
56 137 67 137
140 138 151 138
152 139 163 139
97 140 108 140
96 141 107 141
39 142 50 142
140 143 151 143
60 144 71 144
48 145 59 145
188 146 199 146
164 147 175 147
12 148 23 148
0 149 11 149
168 136 179 136
44 137 55 137
128 138 139 138
140 139 151 139
109 140 120 140
51 142 62 142
72 144 83 144
60 145 71 145
176 146 187 146
152 147 163 147
24 148 35 148
12 149 23 149
0 150 11 150
32 137 43 137
116 138 127 138
128 139 139 139
121 140 132 140
121 141 132 141
63 142 74 142
84 144 95 144
72 145 83 145
164 146 175 146
140 147 151 147
36 148 47 148
24 149 35 149
12 150 23 150
0 151 11 151
188 130 199 130
104 138 115 138
116 139 127 139
133 140 144 140
133 141 144 141
75 142 86 142
56 143 67 143
96 144 107 144
84 145 95 145
152 146 163 146
128 147 139 147
48 148 59 148
36 149 47 149
24 150 35 150
12 151 23 151
0 152 11 152
32 131 43 131
104 139 115 139
145 140 156 140
145 141 156 141
87 142 98 142
68 143 79 143
108 144 119 144
96 145 107 145
140 146 151 146
116 147 127 147
60 148 71 148
48 149 59 149
36 150 47 150
24 151 35 151
12 152 23 152
0 153 11 153
99 142 110 142
80 143 91 143
120 144 131 144
188 145 199 145
128 146 139 146
104 147 115 147
72 148 83 148
60 149 71 149
48 150 59 150
36 151 47 151
24 152 35 152
12 153 23 153
0 154 11 154
174 141 183 141
111 142 122 142
92 143 103 143
132 144 143 144
176 145 187 145
116 146 127 146
92 147 103 147
84 148 95 148
72 149 83 149
60 150 71 150
48 151 59 151
36 152 47 152
24 153 35 153
12 154 23 154
0 155 11 155
123 142 134 142
104 143 115 143
144 144 155 144
164 145 175 145
104 146 115 146
80 147 91 147
188 148 199 148
84 149 95 149
72 150 83 150
60 151 71 151
48 152 59 152
188 153 199 153
24 154 35 154
12 155 23 155
0 156 11 156
164 135 175 135
116 143 126 143
156 144 167 144
92 146 103 146
68 147 79 147
176 148 187 148
96 149 107 149
188 150 199 150
72 151 83 151
60 152 71 152
36 154 47 154
24 155 35 155
188 156 199 156
0 157 11 157
188 144 199 144
122 145 133 145
80 146 91 146
56 147 67 147
164 148 175 148
108 149 119 149
176 150 187 150
188 151 199 151
72 152 83 152
51 153 62 153
48 154 59 154
36 155 47 155
176 156 187 156
12 157 23 157
0 158 11 158
20 137 31 137
110 145 121 145
44 147 55 147
152 148 163 148
120 149 131 149
164 150 175 150
176 151 187 151
84 152 95 152
63 153 74 153
188 154 199 154
48 155 59 155
164 156 175 156
24 157 35 157
12 158 23 158
0 159 11 159
92 138 103 138
37 146 48 146
32 147 43 147
140 148 151 148
132 149 143 149
152 150 163 150
164 151 175 151
96 152 107 152
39 153 50 153
75 153 86 153
176 154 187 154
60 155 71 155
152 156 163 156
36 157 47 157
188 158 199 158
12 159 23 159
0 160 11 160
92 139 103 139
20 147 31 147
128 148 139 148
144 149 155 149
152 151 163 151
108 152 119 152
87 153 98 153
48 157 59 157
24 159 35 159
12 160 23 160
0 161 11 161
116 148 127 148
156 149 167 149
85 150 96 150
97 150 108 150
140 151 151 151
120 152 131 152
99 153 110 153
78 154 89 154
87 155 98 155
26 156 37 156
60 157 71 157
38 158 49 158
188 159 199 159
12 161 23 161
0 162 11 162
168 149 179 149
128 151 139 151
132 152 143 152
111 153 122 153
90 154 101 154
99 155 110 155
14 156 25 156
38 156 49 156
72 157 83 157
50 158 61 158
176 159 187 159
40 160 51 160
24 161 35 161
188 162 199 162
0 163 11 163
139 145 150 145
110 150 121 150
122 150 133 150
116 151 127 151
144 152 155 152
102 154 113 154
111 155 122 155
84 157 95 157
62 158 73 158
52 160 63 160
36 161 47 161
176 162 187 162
12 163 23 163
0 164 11 164
104 151 115 151
156 152 167 152
136 153 147 153
114 154 125 154
123 155 134 155
68 156 79 156
96 157 107 157
74 158 85 158
64 160 75 160
48 161 59 161
164 162 175 162
24 163 35 163
12 164 23 164
0 165 11 165
176 144 187 144
168 152 179 152
148 153 159 153
126 154 137 154
135 155 146 155
80 156 91 156
108 157 119 157
86 158 97 158
38 159 49 159
63 159 74 159
28 160 39 160
76 160 87 160
60 161 71 161
152 162 163 162
36 163 47 163
24 164 35 164
12 165 23 165
0 166 11 166
180 152 189 152
190 152 199 152
160 153 171 153
138 154 149 154
147 155 158 155
120 157 131 157
98 158 109 158
75 159 86 159
72 161 83 161
48 163 59 163
36 164 47 164
24 165 35 165
12 166 23 166
0 167 11 167
159 155 170 155
106 156 117 156
132 157 143 157
110 158 121 158
87 159 98 159
84 161 95 161
13 162 24 162
25 162 36 162
60 163 71 163
48 164 59 164
36 165 47 165
24 166 35 166
12 167 23 167
0 168 11 168
171 155 182 155
118 156 129 156
144 157 155 157
122 158 133 158
104 160 115 160
116 160 127 160
96 161 107 161
37 162 48 162
72 163 83 163
60 164 71 164
48 165 59 165
36 166 47 166
24 167 35 167
0 169 11 169
56 156 67 156
156 157 167 157
134 158 145 158
116 159 127 159
91 160 102 160
108 161 119 161
49 162 60 162
84 163 95 163
72 164 83 164
60 165 71 165
48 166 59 166
36 167 47 167
13 168 24 168
25 168 36 168
12 169 23 169
0 170 11 170
188 149 199 149
168 157 179 157
146 158 157 158
128 159 139 159
129 160 140 160
141 160 152 160
120 161 131 161
61 162 72 162
188 163 199 163
84 164 95 164
72 165 83 165
48 167 59 167
37 168 48 168
12 170 23 170
0 171 11 171
180 157 189 157
190 157 199 157
140 159 151 159
153 160 164 160
132 161 143 161
73 162 84 162
176 163 187 163
96 164 107 164
84 165 95 165
61 166 72 166
73 166 84 166
60 167 71 167
49 168 60 168
37 169 48 169
24 170 35 170
12 171 23 171
0 172 11 172
92 151 103 151
159 158 170 158
152 159 162 159
144 161 155 161
85 162 96 162
188 164 199 164
96 165 107 165
85 166 96 166
72 167 83 167
61 168 72 168
49 169 60 169
36 170 47 170
24 171 35 171
12 172 23 172
0 173 11 173
156 161 167 161
97 162 108 162
109 163 120 163
176 164 187 164
108 165 119 165
97 166 108 166
84 167 95 167
73 168 84 168
61 169 72 169
48 170 59 170
36 171 47 171
24 172 35 172
12 173 23 173
0 174 11 174
168 161 179 161
109 162 120 162
164 164 175 164
120 165 131 165
109 166 120 166
96 167 107 167
85 168 96 168
73 169 84 169
188 170 199 170
48 171 59 171
36 172 47 172
24 173 35 173
12 174 23 174
0 175 11 175
121 162 132 162
140 163 151 163
132 165 143 165
108 167 119 167
97 168 108 168
85 169 96 169
60 171 71 171
48 172 59 172
36 173 47 173
24 174 35 174
12 175 23 175
0 176 11 176
152 163 161 163
122 164 133 164
144 165 155 165
134 166 145 166
120 167 131 167
109 168 120 168
97 169 108 169
79 170 90 170
72 171 83 171
60 172 71 172
188 173 199 173
36 174 47 174
188 175 199 175
188 176 199 176
0 177 11 177
110 164 121 164
156 165 167 165
146 166 157 166
132 167 143 167
121 168 132 168
109 169 120 169
91 170 102 170
84 171 95 171
72 172 83 172
176 173 187 173
48 174 59 174
176 176 187 176
12 177 23 177
0 178 11 178
135 164 146 164
168 165 179 165
158 166 169 166
144 167 155 167
133 168 144 168
103 170 114 170
96 171 107 171
84 172 95 172
60 174 71 174
164 176 175 176
24 177 35 177
12 178 23 178
0 179 11 179
170 166 179 166
156 167 167 167
145 168 156 168
115 170 126 170
108 171 119 171
96 172 107 172
49 173 60 173
61 173 72 173
72 174 83 174
56 175 67 175
152 176 163 176
36 177 47 177
24 178 35 178
12 179 23 179
188 180 199 180
168 167 179 167
157 168 168 168
150 169 161 169
127 170 138 170
120 171 131 171
108 172 119 172
73 173 84 173
84 174 95 174
68 175 79 175
140 176 151 176
48 177 59 177
188 178 199 178
24 179 35 179
176 180 187 180
0 181 11 181
169 168 180 168
124 169 135 169
162 169 173 169
139 170 150 170
132 171 143 171
188 172 199 172
85 173 96 173
96 174 107 174
80 175 91 175
128 176 139 176
60 177 71 177
176 178 187 178
36 179 47 179
164 180 175 180
12 181 23 181
188 182 199 182
188 161 199 161
67 170 78 170
151 170 162 170
144 171 155 171
108 174 119 174
92 175 103 175
116 176 127 176
188 177 199 177
164 178 175 178
48 179 59 179
152 180 163 180
24 181 35 181
176 182 187 182
0 183 11 183
175 169 186 169
156 171 167 171
135 172 146 172
111 173 122 173
120 174 131 174
104 176 115 176
176 177 187 177
152 178 163 178
60 179 71 179
140 180 151 180
36 181 47 181
164 182 175 182
188 183 199 183
0 184 11 184
168 171 179 171
147 172 158 172
123 173 134 173
188 174 199 174
120 175 131 175
92 176 103 176
164 177 175 177
140 178 151 178
72 179 83 179
128 180 139 180
188 181 199 181
152 182 163 182
176 183 187 183
12 184 23 184
0 185 11 185
180 171 189 171
190 171 199 171
123 172 134 172
159 172 170 172
135 173 146 173
176 174 187 174
132 175 143 175
80 176 91 176
152 177 163 177
84 179 95 179
116 180 127 180
176 181 187 181
140 182 151 182
164 183 175 183
24 184 35 184
12 185 23 185
0 186 11 186
188 165 199 165
147 173 158 173
164 174 175 174
144 175 155 175
68 176 79 176
140 177 151 177
37 178 48 178
49 178 60 178
96 179 107 179
104 180 115 180
164 181 175 181
128 182 139 182
152 183 163 183
36 184 47 184
24 185 35 185
12 186 23 186
0 187 11 187
152 174 163 174
108 175 119 175
156 175 167 175
56 176 67 176
128 177 139 177
61 178 72 178
108 179 119 179
92 180 103 180
152 181 163 181
116 182 127 182
140 183 151 183
48 184 59 184
36 185 47 185
24 186 35 186
12 187 23 187
0 188 11 188
44 176 55 176
116 177 127 177
73 178 84 178
120 179 131 179
80 180 91 180
104 182 115 182
128 183 139 183
60 184 71 184
48 185 59 185
36 186 47 186
24 187 35 187
12 188 23 188
0 189 11 189
32 176 43 176
104 177 115 177
85 178 96 178
132 179 143 179
68 180 79 180
62 181 73 181
92 182 103 182
116 183 127 183
188 184 199 184
60 185 71 185
48 186 59 186
36 187 47 187
24 188 35 188
12 189 23 189
0 190 11 190
92 177 103 177
97 178 108 178
188 179 199 179
56 180 67 180
50 181 61 181
74 181 85 181
104 183 115 183
176 184 187 184
72 185 83 185
60 186 71 186
48 187 59 187
36 188 47 188
24 189 35 189
12 190 23 190
0 191 11 191
109 178 120 178
176 179 187 179
44 180 55 180
86 181 97 181
14 182 25 182
164 184 175 184
84 185 95 185
188 186 199 186
60 187 71 187
48 188 59 188
24 190 35 190
12 191 23 191
0 192 11 192
164 179 175 179
32 180 43 180
98 181 109 181
26 182 37 182
26 183 37 183
96 185 107 185
176 186 187 186
72 187 83 187
60 188 71 188
50 189 61 189
36 190 47 190
24 191 35 191
12 192 23 192
0 193 11 193
20 180 31 180
110 181 121 181
14 183 25 183
73 184 84 184
108 185 119 185
164 186 175 186
84 187 95 187
72 188 83 188
62 189 73 189
36 191 47 191
24 192 35 192
12 193 23 193
0 194 11 194
122 181 133 181
39 182 50 182
51 182 62 182
52 183 63 183
102 184 113 184
120 185 131 185
96 187 107 187
84 188 95 188
66 190 77 190
48 191 59 191
36 192 47 192
24 193 35 193
12 194 23 194
0 195 11 195
40 183 51 183
64 183 75 183
114 184 125 184
132 185 143 185
89 186 100 186
108 187 119 187
96 188 107 188
75 189 86 189
87 189 98 189
78 190 89 190
60 191 71 191
48 192 59 192
36 193 47 193
12 195 23 195
0 196 11 196
76 183 87 183
144 185 155 185
101 186 112 186
120 187 131 187
108 188 119 188
99 189 110 189
90 190 101 190
72 191 83 191
188 192 199 192
48 193 59 193
25 194 36 194
37 194 48 194
24 195 35 195
12 196 23 196
0 197 11 197
20 176 31 176
141 184 149 184
156 185 167 185
113 186 124 186
132 187 143 187
120 188 131 188
111 189 122 189
102 190 113 190
176 192 187 192
60 193 71 193
49 194 60 194
36 195 47 195
188 196 199 196
12 197 23 197
0 198 11 198
80 177 91 177
168 185 179 185
125 186 136 186
144 187 155 187
132 188 143 188
123 189 134 189
114 190 125 190
98 191 109 191
72 193 83 193
61 194 72 194
48 195 59 195
176 196 187 196
24 197 35 197
12 198 23 198
0 199 11 199
129 184 140 184
180 185 189 185
190 185 199 185
156 187 167 187
144 188 155 188
135 189 146 189
126 190 137 190
86 191 97 191
110 191 121 191
76 192 87 192
84 193 95 193
73 194 84 194
60 195 71 195
36 197 47 197
24 198 35 198
12 199 23 199
0 200 11 200
152 179 163 179
168 187 179 187
156 188 167 188
147 189 158 189
138 190 149 190
122 191 133 191
88 192 99 192
96 193 107 193
85 194 96 194
72 195 83 195
38 196 49 196
48 197 59 197
36 198 47 198
12 200 23 200
0 201 11 201
8 180 19 180
180 187 189 187
190 187 199 187
168 188 179 188
159 189 170 189
150 190 161 190
134 191 145 191
100 192 111 192
108 193 119 193
97 194 108 194
84 195 95 195
26 196 37 196
50 196 61 196
60 197 71 197
48 198 59 198
42 199 53 199
24 200 35 200
188 201 199 201
0 202 11 202
180 188 189 188
190 188 199 188
171 189 182 189
162 190 173 190
146 191 157 191
64 192 75 192
112 192 123 192
120 193 131 193
96 195 107 195
62 196 73 196
72 197 83 197
60 198 71 198
54 199 65 199
36 200 47 200
176 201 187 201
12 202 23 202
0 203 11 203
174 190 185 190
158 191 169 191
124 192 135 192
188 193 199 193
110 194 121 194
108 195 119 195
84 197 95 197
72 198 83 198
66 199 77 199
48 200 59 200
24 202 35 202
12 203 23 203
0 204 11 204
170 191 181 191
136 192 147 192
176 193 187 193
139 194 150 194
120 195 131 195
98 196 109 196
96 197 107 197
188 198 199 198
78 199 89 199
60 200 71 200
25 201 36 201
36 202 47 202
24 203 35 203
12 204 23 204
0 205 11 205
148 192 159 192
164 193 175 193
151 194 162 194
132 195 143 195
110 196 121 196
108 197 119 197
176 198 187 198
90 199 101 199
72 200 83 200
37 201 48 201
48 202 59 202
36 203 47 203
188 204 199 204
188 205 199 205
0 206 11 206
152 193 163 193
163 194 174 194
144 195 155 195
122 196 133 196
188 197 199 197
102 199 113 199
84 200 95 200
49 201 60 201
60 202 71 202
48 203 59 203
176 204 187 204
176 205 187 205
12 206 23 206
0 207 11 207
175 194 183 194
156 195 167 195
134 196 145 196
97 198 108 198
114 199 125 199
96 200 107 200
61 201 72 201
72 202 83 202
60 203 71 203
164 204 175 204
164 205 175 205
24 206 35 206
12 207 23 207
0 208 11 208
168 195 179 195
146 196 157 196
109 198 120 198
126 199 137 199
108 200 119 200
84 202 95 202
72 203 83 203
152 204 163 204
152 205 163 205
36 206 47 206
24 207 35 207
12 208 23 208
0 209 11 209
180 195 189 195
190 195 199 195
154 197 165 197
121 198 132 198
138 199 149 199
120 200 131 200
74 201 85 201
86 201 97 201
96 202 107 202
84 203 95 203
140 204 151 204
140 205 151 205
48 206 59 206
36 207 47 207
188 208 199 208
12 209 23 209
188 210 199 210
133 198 144 198
150 199 161 199
132 200 143 200
98 201 109 201
108 202 119 202
96 203 107 203
128 204 139 204
128 205 139 205
60 206 71 206
188 207 199 207
176 208 187 208
24 209 35 209
176 210 187 210
145 198 156 198
162 199 173 199
144 200 155 200
110 201 121 201
120 202 131 202
108 203 119 203
116 204 127 204
116 205 127 205
72 206 83 206
176 207 187 207
36 209 47 209
164 210 175 210
14 211 25 211
0 212 11 212
174 199 184 199
156 200 167 200
122 201 133 201
132 202 143 202
120 203 131 203
104 204 115 204
104 205 115 205
84 206 95 206
164 207 175 207
39 208 50 208
188 209 199 209
152 210 163 210
26 211 37 211
12 212 23 212
0 213 11 213
168 200 179 200
134 201 145 201
144 202 155 202
132 203 143 203
92 204 103 204
92 205 103 205
96 206 107 206
152 207 163 207
51 208 62 208
176 209 187 209
140 210 151 210
38 211 49 211
24 212 35 212
12 213 23 213
0 214 11 214
140 193 151 193
180 200 188 200
189 200 199 200
146 201 157 201
156 202 167 202
144 203 155 203
108 206 119 206
63 208 74 208
164 209 175 209
128 210 139 210
50 211 61 211
188 212 199 212
24 213 35 213
12 214 23 214
0 215 11 215
168 202 179 202
156 203 167 203
40 204 51 204
27 205 38 205
120 206 131 206
62 207 73 207
75 208 86 208
152 209 163 209
116 210 127 210
62 211 73 211
176 212 187 212
36 213 47 213
24 214 35 214
12 215 23 215
0 216 11 216
180 202 189 202
190 202 199 202
168 203 179 203
52 204 63 204
39 205 50 205
132 206 143 206
50 207 61 207
74 207 85 207
87 208 98 208
140 209 151 209
74 211 85 211
48 213 59 213
36 214 47 214
24 215 35 215
12 216 23 216
0 217 11 217
180 203 189 203
190 203 199 203
64 204 75 204
51 205 62 205
188 206 199 206
99 208 110 208
128 209 139 209
1 210 12 210
13 210 24 210
86 211 97 211
37 212 48 212
49 212 60 212
60 213 71 213
48 214 59 214
36 215 47 215
24 216 35 216
12 217 23 217
0 218 11 218
28 204 39 204
63 205 74 205
176 206 187 206
100 207 111 207
111 208 122 208
116 209 127 209
25 210 36 210
98 211 109 211
61 212 72 212
72 213 83 213
60 214 71 214
48 215 59 215
36 216 47 216
24 217 35 217
12 218 23 218
0 219 11 219
164 206 175 206
88 207 99 207
112 207 123 207
123 208 134 208
104 209 115 209
37 210 48 210
110 211 121 211
73 212 84 212
84 213 95 213
72 214 83 214
60 215 71 215
48 216 59 216
36 217 47 217
24 218 35 218
12 219 23 219
0 220 11 220
124 207 135 207
135 208 146 208
92 209 103 209
122 211 133 211
85 212 96 212
96 213 107 213
84 214 95 214
72 215 83 215
60 216 71 216
48 217 59 217
36 218 47 218
24 219 35 219
188 220 199 220
0 221 11 221
147 208 158 208
80 209 91 209
63 210 74 210
134 211 145 211
97 212 108 212
108 213 119 213
96 214 107 214
188 215 199 215
72 216 83 216
60 217 71 217
36 219 47 219
176 220 187 220
12 221 23 221
0 222 11 222
68 209 79 209
51 210 62 210
75 210 86 210
146 211 157 211
109 212 120 212
120 213 131 213
108 214 119 214
176 215 187 215
188 216 199 216
72 217 83 217
62 218 73 218
48 219 59 219
164 220 175 220
24 221 35 221
12 222 23 222
0 223 11 223
87 210 98 210
158 211 169 211
121 212 132 212
132 213 143 213
120 214 131 214
164 215 175 215
176 216 187 216
84 217 95 217
50 218 61 218
74 218 85 218
60 219 71 219
152 220 163 220
36 221 47 221
12 223 23 223
0 224 11 224
170 211 181 211
188 213 199 213
132 214 143 214
152 215 163 215
164 216 175 216
188 217 199 217
86 218 97 218
72 219 83 219
140 220 151 220
48 221 59 221
25 222 36 222
37 222 48 222
188 223 199 223
12 224 23 224
0 225 11 225
134 212 145 212
176 213 187 213
144 214 155 214
140 215 151 215
152 216 163 216
176 217 187 217
98 218 109 218
84 219 95 219
128 220 139 220
60 221 71 221
49 222 60 222
176 223 187 223
24 224 35 224
12 225 23 225
0 226 11 226
164 213 175 213
156 214 167 214
128 215 139 215
140 216 151 216
164 217 175 217
96 219 107 219
188 221 199 221
61 222 72 222
164 223 175 223
36 224 47 224
24 225 35 225
188 226 199 226
0 227 11 227
152 206 163 206
168 214 179 214
116 215 127 215
128 216 139 216
152 217 163 217
111 218 122 218
123 218 134 218
108 219 119 219
26 220 37 220
176 221 187 221
73 222 84 222
48 224 59 224
188 225 199 225
0 228 11 228
180 214 189 214
190 214 199 214
104 215 115 215
116 216 127 216
140 217 151 217
135 218 146 218
188 219 199 219
14 220 25 220
38 220 49 220
164 221 175 221
85 222 96 222
37 223 48 223
60 224 71 224
29 226 40 226
28 227 39 227
188 228 199 228
0 229 11 229
128 217 139 217
147 218 158 218
176 219 187 219
50 220 61 220
152 221 163 221
49 223 60 223
72 224 83 224
37 225 48 225
49 225 60 225
41 226 52 226
40 227 51 227
176 228 187 228
12 229 23 229
188 230 199 230
56 209 67 209
116 217 127 217
159 218 170 218
164 219 175 219
62 220 73 220
140 221 151 221
110 222 121 222
61 223 72 223
84 224 95 224
61 225 72 225
53 226 64 226
52 227 63 227
164 228 175 228
24 229 35 229
176 230 187 230
0 231 11 231
86 216 97 216
171 218 182 218
152 219 163 219
74 220 85 220
128 221 139 221
122 222 133 222
73 223 84 223
96 224 107 224
73 225 84 225
65 226 76 226
16 227 27 227
64 227 75 227
152 228 163 228
36 229 47 229
164 230 175 230
188 231 199 231
0 232 11 232
140 219 151 219
116 221 127 221
134 222 145 222
85 223 96 223
108 224 119 224
85 225 96 225
77 226 88 226
76 227 87 227
140 228 151 228
48 229 59 229
152 230 163 230
176 231 187 231
12 232 23 232
0 233 11 233
100 220 111 220
104 221 115 221
146 222 157 222
120 224 131 224
97 225 108 225
89 226 100 226
88 227 99 227
128 228 139 228
60 229 71 229
140 230 151 230
164 231 175 231
188 232 199 232
12 233 23 233
0 234 11 234
152 213 163 213
92 221 103 221
158 222 169 222
98 223 109 223
110 223 121 223
132 224 143 224
109 225 120 225
101 226 112 226
100 227 111 227
116 228 127 228
72 229 83 229
128 230 139 230
152 231 163 231
176 232 187 232
24 233 35 233
12 234 23 234
0 235 11 235
170 222 181 222
122 223 133 223
144 224 155 224
121 225 132 225
113 226 124 226
112 227 123 227
104 228 115 228
84 229 95 229
116 230 127 230
164 232 175 232
36 233 47 233
24 234 35 234
188 235 199 235
0 236 11 236
92 215 103 215
156 224 167 224
133 225 144 225
125 226 136 226
124 227 135 227
92 228 103 228
104 230 115 230
26 231 37 231
152 232 163 232
48 233 59 233
36 234 47 234
176 235 187 235
12 236 23 236
0 237 11 237
0 238 0 249
168 224 179 224
145 225 156 225
136 227 147 227
80 228 91 228
110 229 121 229
92 230 103 230
38 231 49 231
140 232 151 232
60 233 71 233
188 234 199 234
164 235 175 235
188 236 199 236
188 237 199 237
199 238 199 249
104 217 115 217
180 224 189 224
190 224 199 224
157 225 168 225
151 226 162 226
148 227 159 227
68 228 79 228
80 230 91 230
50 231 61 231
72 233 83 233
176 234 187 234
152 235 163 235
176 236 187 236
176 237 187 237
198 238 198 249
163 226 174 226
160 227 171 227
68 230 79 230
62 231 73 231
39 232 50 232
84 233 95 233
164 234 175 234
140 235 151 235
164 236 175 236
164 237 175 237
197 238 197 249
128 219 139 219
25 228 36 228
138 229 149 229
150 229 161 229
56 230 67 230
74 231 85 231
51 232 62 232
96 233 107 233
152 234 163 234
128 235 139 235
152 236 163 236
152 237 163 237
196 238 196 249
37 228 48 228
162 229 173 229
44 230 55 230
86 231 97 231
27 232 38 232
108 233 119 233
140 234 151 234
116 235 127 235
140 236 151 236
140 237 151 237
195 238 195 249
80 221 91 221
32 230 43 230
98 231 109 231
77 232 88 232
120 233 131 233
128 234 139 234
104 235 115 235
128 236 139 236
194 238 194 249
20 230 31 230
110 231 121 231
65 232 76 232
89 232 100 232
188 233 199 233
116 234 127 234
92 235 103 235
116 236 127 236
13 237 24 237
25 237 36 237
193 238 193 249
122 231 133 231
176 233 187 233
104 234 115 234
80 235 91 235
104 236 115 236
37 237 48 237
192 238 192 249
92 234 103 234
68 235 79 235
92 236 103 236
145 233 156 233
80 234 91 234
56 235 67 235
80 236 91 236
180 238 191 238
68 234 79 234
44 235 55 235
68 236 79 236
51 237 62 237
64 237 75 237
76 237 87 237
168 238 179 238
1 239 12 239
32 235 43 235
88 237 99 237
156 238 167 238
13 239 24 239
1 240 12 240
38 236 49 236
100 237 111 237
144 238 155 238
25 239 36 239
13 240 24 240
1 241 12 241
26 236 37 236
112 237 123 237
132 238 143 238
180 239 191 239
180 240 191 240
13 241 24 241
1 242 12 242
8 230 19 230
120 238 131 238
168 239 179 239
168 240 179 240
25 241 36 241
180 242 191 242
1 243 12 243
1 244 2 249
156 240 167 240
37 241 48 241
168 242 179 242
13 243 24 243
3 244 4 249
14 238 25 238
51 239 62 239
144 240 155 240
49 241 60 241
156 242 167 242
25 243 36 243
5 244 6 249
39 239 50 239
132 240 143 240
61 241 72 241
37 243 48 243
190 244 191 249
56 234 67 234
42 238 53 238
84 239 95 239
180 241 191 241
28 242 39 242
180 243 191 243
188 244 189 249
20 235 31 235
54 238 65 238
96 239 107 239
26 240 37 240
38 240 49 240
168 241 179 241
40 242 51 242
168 243 179 243
186 244 187 249
66 238 77 238
108 239 119 239
156 241 167 241
52 242 63 242
156 243 167 243
184 244 185 249
78 238 89 238
120 239 131 239
64 240 75 240
144 241 155 241
64 242 75 242
182 244 183 249
90 238 101 238
132 239 143 239
132 241 143 241
76 242 87 242
63 243 74 243
180 244 181 249
91 240 102 240
120 241 131 241
88 242 99 242
51 243 62 243
75 243 86 243
178 244 179 249
103 240 114 240
108 241 119 241
100 242 111 242
87 243 98 243
176 244 177 249
79 240 90 240
96 241 107 241
112 242 123 242
99 243 110 243
174 244 175 249
111 243 122 243
172 244 173 249
125 242 136 242
123 243 134 243
170 244 171 249
168 244 169 249
166 244 167 249
7 244 18 244
19 244 30 244
7 245 18 245
7 246 9 249
31 244 42 244
19 245 30 245
10 246 12 249
154 244 165 244
154 245 165 245
13 246 15 249
16 246 18 249
84 241 95 241
57 244 68 244
19 246 21 249
60 245 71 245
22 246 24 249
70 244 81 244
82 244 93 244
72 245 83 245
25 246 27 249
94 244 105 244
84 245 95 245
163 246 165 249
106 244 117 244
96 245 107 245
160 246 162 249
118 244 129 244
108 245 119 245
157 246 159 249
120 245 131 245
154 246 156 249
28 246 39 246
150 247 153 249
40 246 51 246
146 247 149 249
52 246 63 246
142 247 145 249
64 246 75 246
138 247 141 249
76 246 87 246
88 246 99 246
28 247 39 247
28 248 33 249
142 246 153 246
40 247 51 247
34 248 39 249
130 246 141 246
52 247 63 247
40 248 45 249
118 246 129 246
64 247 75 247
46 248 51 249
76 247 87 247
52 248 57 249
88 247 99 247
58 248 63 249
100 247 111 247
64 248 69 249
112 247 123 247
70 248 75 249
76 248 81 249
106 246 117 246
126 247 137 247
82 248 87 249
88 248 93 249
94 248 99 249
100 248 105 249
132 248 137 249
126 248 131 249
120 248 125 249
114 248 119 249
106 248 113 248
